
0000000000

0000000000

0000000000

0000000000

0000000000

0000000000

0000000000

0000000000

0000000000

0000000000

0000000000

0000000000

0000000000

0000000000

0000000000

0000000000

0000000000

0000000000

0000000000

0000000000

0000000000

0000000000

0000000000

0000000000

0000000000

0000000000

0000000000

0000000000

0100000000

0100000000

0100000000

0100000000

0100000000

0100000000

0100000000

0100000000

0100000000

0100000000

0100000000

0100000000

0100000000

0100000000

0100000000

0100000000

0100000000

0110000000

0110000000

0110000000

0110000000

0110000000

0010000000

0010000000

0011000000

0011000000

0011000000

0010000000

0010000000

0010000000

0110100000

0110100000

0110100000

0110100000

0110100000

0111100000

0101100000

0001100000

0001100000

0001100000

0010100000

0010100000

0010100000

0010100000

0010100000

0000110000

0000110000

0000110000

0001100000

0001000000

0001011000

0001011000

0001011000

0000011000

0000111000

0000100000

0000100100

0000100100

0000000100

0000001100

0000001100

0000011000

0000011000

0000011000

0000011000

0000010000

0000010110

0000010110

0000010110

0000010100

0000010100

0000010000

0000011000

0000011000

0000010100

0000110000

0000110000

0000110000

0000110000

0001100000

0001100000

0001100000

0001100000

0001100000

0001100000

0001100000

0011010000

0011000000

0011000000

0011000000

0011000000

0011000000

0011000000

0111100000

0111100000

0111100000

0111100000

0111100000

0111100000

0111100000

0111100000

0011100000

0011100000

0011100000

0010000000

0010000000

0000010000

0001100000

0001011000

0001011000

0000011000

0000110000

0000110000

0000100100

0000100100

0000001100

0000011000

0000010110

0000010110

0000010110

0000000110

0000000110

0000010110

0000010110

0000010100

0000011000

0000011000

0000011000

0000010100

0000110000

0000110000

0000110000

0000110000

0000011000

0001011000

0001100000

0001100000

0001100000

0001110000

0000110000

0000110000

0011100000

0011000000

0011000000

0011000000

0011000000

0011000000

0011000000

0011000000

0011000000

0010000000

0010000000

0000000000

0000000000

0000000000

0000000000

0000000000

0000000000

0000000000

0000000000

0000000000

0000000000

0000000000

0000000000

0000000000

0000000000

0000000000

0000000000

0000000000

0000000000

0000000000

0000000000

0000000000

0000000000

0000000000

0000000000

0000000000

0000000000

0000000000

0000000000

0000000000

0000000000

0000000000

0000000000

0000000000

0000000000

0000000000

0000000000

0000000000

0000000000

0000000000

0000000000

0000000000

0000000000

0000000000

0000000000

0000000000

0000000000
